Blank bitboard: 
0 0 0 0 0 0 0
0 0 0 0 0 0 0
0 0 0 0 0 0 0
0 0 0 0 0 0 0
0 0 0 0 0 0 0
0 0 0 0 0 0 0

Position: 32164625, score: 11

Solved by Hand:
Position String:

0000000 0000000 0000000 0000001 0000001 0000010 0000001
10000001000001000000010000000
Position Bitboard:
0 0 0 0 0 0 0
0 0 0 0 0 0 0
0 0 0 0 0 0 0
0 0 0 0 0 0 0
0 0 0 0 0 0 0
0 1 0 0 0 0 0
1 0 1 1 0 0 0




0 0 0 0 0 0 0
0 0 0 0 0 0 0
0 0 0 0 0 0 0
0 0 1 1 0 0 0 
0 0 0 1 0 0 0
0 0 0 0 1 0 0
0 0 0 1 1 0 0   

0000000 0000000 0000011 0001101 0001000 0000000 0000000


